4
12510
17315
20868
23660
38677
45002
54611
55329
56828
65482
76745
77628
79967
86583
91171
91932
128871
135065
151322
157446
166449
168882
181385
189865
194377
199931
203096
225219
225463
244816
252895
260770
289861
291536
302223
313572
322761
339913
361380
363347
391520
394110
405232
461255
464258
478985
485336
489303
497639
500381
503948
508933
523981
547148
556040
558788
559986
569853
575251
577133
578662
582416
626854
627905
638544
639920
641699
643007
645198
655911
658813
660726
663128
671237
692070
697458
719840
722274
727911
732747
755348
756040
760184
765669
769152
775057
794603
799753
801319
810972
815866
818323
821588
839814
860741
881843
890641
896456
920109
935356
944452
953791
983079
987173
991792
1010716
1022398
1033015
1038368
1044993
1048007
1049409
1050629
1057282
1057881
1058553
1059794
1059841
1060309
1060803
