1
88
105
129
171
248
280
334
336
543
550
566
569
617
685
710
843
885
917
957
970
1021
1025
1026
1128
1130
1131
1144
1168
1204
1224
1267
1273
1275
1377
1480
1515
1565
1625
1630
1650
1683
1690
1702
1768
1775
1791
1863
1867
1919
2070
2092
2103
2159
2318
2347
2370
2395
2437
2588
2661
2668
2725
2726
2761
2837
3032
3085
3125
3158
3206
3217
3227
3261
3333
3595
3598
3610
3630
3634
3679
3714
3731
3839
3877
3883
3966
3977
4224
4299
4300
4418
4442
4449
4460
4475
4550
4580
4883
4896
4980
5160
5305
5345
5351
5470
5490
5536
5564
5607
5633
5708
5748
5780
5883
5973
5984
6086
6139
6176
6346
6373
6419
6483
6711
7000
7066
7145
7242
7306
7510
7553
7604
7696
7730
7761
7773
7985
8002
8130
8145
8177
8304
8317
8369
8405
8579
8607
8624
8642
8680
8780
