6
114
565
589
672
756
768
780
829
905
1059
1096
1569
1595
1608
1750
1905
2220
2343
2666
2679
2706
2854
2948
3097
3614
3861
3875
4469
4508
4668
4860
4942
5061
5243
5325
5378
5728
6002
6098
6151
6300
6599
6813
6931
7160
7199
7290
7329
7406
7471
7551
7578
7591
7856
8004
8044
8405
8513
8715
8962
9105
9156
9195
9532
9635
10024
10152
10217
10333
10346
10657
11118
11169
11194
11464
12381
12495
12544
12932
13017
13266
13350
13478
13490
13563
13981
14041
14100
14232
14517
14780
14792
14995
15183
15215
15309
15380
15451
15627
15710
15828
16014
16025
16048
16131
16426
16574
16665
16834
17029
17050
17434
17540
17562
17592
17810
17932
18050
18093
18190
18306
18730
19192
19202
19316
19401
19568
19786
20110
20170
20381
20924
21003
21771
21856
21865
21994
22057
22103
22134
22256
22393
22504
22550
22757
22959
23024
23199
23236
23263
23404
23537
23569
23612
23689
23897
23907
23983
24021
24117
24150
24177
24195
24320
24338
24511
24699
25017
25098
25178
25302
25465
