16.6667
12.4088
10.7407
9.1327
9.1294
8.8784
8.8605
8.7971
8.7723
8.6608
8.6477
8.6258
8.5779
8.5320
8.4750
8.3616
8.3525
8.3243
8.2954
8.2682
8.2683
8.2585
8.2498
8.2075
8.1966
8.1739
8.1709
8.1308
8.1172
8.0969
8.0720
8.0679
8.0630
8.0606
8.0514
8.0393
8.0330
8.0315
8.0313
8.0156
8.0090
8.0085
8.0078
8.0085
8.0155
8.0205
8.0350
8.0552
8.0631
8.0639
8.0768
8.0791
8.0911
8.1208
8.1263
8.1375
8.1492
8.1831
8.1861
8.1864
8.1879
8.1968
8.2017
8.2046
8.2226
8.2253
8.2478
8.2677
8.2964
8.2987
8.3142
8.3252
8.3511
8.3583
8.3648
8.4008
8.4169
8.4378
8.4402
8.4465
8.4807
8.4888
8.5009
8.5354
8.5421
8.5441
8.5808
8.5868
8.5919
8.6936
8.6997
8.7514
8.7569
8.7584
8.7712
8.7795
8.8428
8.8604
8.8777
8.8879
8.8919
8.9465
8.9690
9.0068
9.0201
9.0436
9.0698
9.0779
9.0784
9.0868
9.0984
9.1004
9.1038
9.1083
9.2307
9.2944
9.3588
9.4070
9.4372
9.5312
9.5473
9.6569
9.6785
9.6837
9.6871
9.6918
9.7550
9.8313
9.8951
9.9266
10.0196
10.0474
10.0934
10.2380
10.7446
10.7737
10.7999
10.8908
10.9978
11.2834
