6
137
540
2825
2837
4235
4379
4672
4822
5496
5620
5785
6202
6587
7174
8551
8680
9178
9668
10232
10244
10462
10679
11660
11944
12699
12777
14070
14611
15438
16675
16956
17264
17480
18146
19019
19893
20046
20059
21770
23611
23987
24551
24836
26324
27093
29160
31160
32010
32106
33194
33432
34396
36351
36671
37358
37881
39337
39457
39468
39534
39857
40065
40197
40997
41117
41975
42817
43947
44019
44538
44960
45623
45799
46050
47150
47595
48200
48269
48458
49383
49630
49983
50859
51018
51076
52023
52150
52282
54569
54680
55797
55910
55946
56218
56404
57561
57943
58247
58484
58559
59554
59873
60510
60731
61115
61534
61666
61674
61804
61989
62019
62073
62152
63841
64684
65436
65951
66333
67358
67548
68614
68833
68889
68937
68986
69513
70194
70702
70961
71600
71800
72126
72895
75042
75137
75223
75458
75733
76236
