0.0000
5.8824
3.4483
1.1628
1.5444
1.3298
1.5464
1.7032
1.8913
1.8908
2.0576
2.2044
2.2556
2.3132
2.3026
2.0979
2.2069
2.2251
2.2444
2.2459
2.3613
2.4306
2.4972
2.4033
2.4515
2.4085
2.4904
2.3601
2.3609
2.3200
2.2288
2.2661
2.2989
2.3421
2.3272
2.2891
2.2528
2.2981
2.3588
2.2350
2.1153
2.1343
2.1363
2.1619
2.0853
2.0709
1.9633
1.8725
1.8597
1.8926
1.8650
1.8882
1.8685
1.7954
1.8121
1.8092
1.8141
1.7707
1.7957
1.8261
1.8536
1.8672
1.8868
1.9102
1.8985
1.9219
1.9064
1.8927
1.8651
1.8889
1.8904
1.8969
1.8898
1.9070
1.9211
1.8935
1.8972
1.8933
1.9146
1.9301
1.9102
1.9226
1.9299
1.9120
1.9275
1.9478
1.9265
1.9428
1.9590
1.8761
1.8919
1.8636
1.8791
1.8980
1.9063
1.9184
1.8861
1.8894
1.8952
1.9046
1.9205
1.8956
1.8994
1.8899
1.8985
1.8998
1.8993
1.9114
1.9289
1.9409
1.9504
1.9667
1.9820
1.9961
1.9345
1.9128
1.8942
1.8859
1.8850
1.8536
1.8608
1.8261
1.8313
1.8438
1.8568
1.8696
1.8581
1.8403
1.8296
1.8313
1.8121
1.8159
1.8132
1.7821
1.6619
1.6677
1.6741
1.6671
1.6569
1.6043
