0.0000
0.3289
0.5013
0.6608
0.7692
0.2717
0.3130
0.3606
0.4012
0.4447
0.4305
0.4353
0.4577
0.4577
0.4695
0.4884
0.4885
0.5133
0.5420
0.5425
0.5577
0.5793
0.5783
0.5431
0.4907
0.4979
0.5034
0.5178
0.5278
0.5235
0.5089
0.5141
0.5204
0.4920
0.5051
0.5192
0.5020
0.5145
0.5256
0.5211
0.5309
0.5438
0.5412
0.5274
0.4982
0.4900
0.4875
0.4952
0.5007
0.5086
0.5061
0.5126
0.5201
0.5138
0.5164
0.5247
0.5320
0.5343
0.5411
0.5459
0.5468
0.5311
0.5358
0.5326
0.5405
0.5371
0.5436
0.5497
0.5562
0.5638
0.5628
0.5691
0.5740
0.5655
0.5705
0.5393
0.5398
0.5328
0.5383
0.5387
0.5381
0.5322
0.5375
0.5435
0.5447
0.5466
0.5379
0.5427
0.5486
0.5473
0.5232
0.5049
0.5036
0.4894
0.4941
0.4972
0.4988
0.4992
0.4866
0.4782
0.4764
0.4683
0.4691
0.4679
0.4654
0.4471
0.4481
0.4523
0.4520
0.4467
0.4496
0.4221
0.4254
0.4288
0.4271
0.4284
0.4253
0.4212
0.4155
0.4178
0.4148
0.4159
0.4121
0.4045
0.4031
0.4020
0.4014
0.4029
0.4029
0.4053
0.4043
0.4025
0.3916
0.3895
0.3863
0.3799
0.3765
0.3781
0.3792
0.3786
