20.0000
10.7155
10.3341
10.1657
10.0251
8.7694
8.7303
8.7201
8.6953
8.6811
8.5720
8.5096
8.4827
8.4296
8.3988
8.3816
8.3420
8.3356
8.3340
8.3055
8.2927
8.2876
8.2592
8.2059
8.1427
8.1313
8.1199
8.1161
8.1088
8.0918
8.0684
8.0605
8.0544
8.0290
8.0283
8.0278
8.0126
8.0119
8.0107
8.0030
8.0014
8.0011
7.9962
7.9902
7.9847
7.9840
7.9851
7.9850
7.9867
7.9870
7.9911
7.9926
7.9932
8.0012
8.0047
8.0053
8.0064
8.0107
8.0121
8.0147
8.0195
8.0349
8.0374
8.0461
8.0465
8.0549
8.0566
8.0583
8.0595
8.0599
8.0670
8.0683
8.0708
8.0849
8.0876
8.1340
8.1433
8.1654
8.1679
8.1777
8.1892
8.2106
8.2127
8.2138
8.2225
8.2304
8.2565
8.2591
8.2598
8.2739
8.3413
8.4068
8.4259
8.4824
8.4841
8.4912
8.5023
8.5172
8.5809
8.6359
8.6660
8.7196
8.7358
8.7615
8.7946
8.9157
8.9360
8.9362
8.9645
9.0213
9.0290
9.2585
9.2620
9.2655
9.3109
9.3321
9.3899
9.4558
9.5466
9.5595
9.6318
9.6583
9.7443
9.8721
9.9308
9.9859
10.0378
10.0617
10.1072
10.1178
10.1788
10.2539
10.4873
10.5811
10.6994
10.8955
11.0373
11.0655
11.1057
11.1215
