1
304
399
454
520
1840
1917
1941
1994
2024
2323
2527
2622
2840
2982
3071
3275
3312
3321
3502
3586
3625
3804
4235
4891
5021
5165
5214
5305
5540
5895
6030
6149
6707
6731
6741
7171
7191
7230
7484
7534
7539
7760
8153
8831
9183
9435
9491
9587
9635
9879
9949
9998
10316
10458
10483
10527
10669
10718
10808
10972
11485
11571
11829
11841
12101
12142
12189
12225
12238
12437
12476
12543
12910
12970
13907
14078
14452
14491
14664
14866
15219
15255
15272
15420
15552
15989
16030
16042
16263
17202
18022
18268
19002
19025
19108
19246
19433
20140
20703
20992
21567
21746
22015
22345
23486
23653
23655
23892
24401
24467
26300
26328
26355
26692
26846
27277
27775
28399
28481
28933
29093
29604
30407
30762
31095
31391
31523
31773
31827
32157
32546
33707
34148
34688
35536
36122
36234
36392
36453
