5
2837
3861
4466
5187
20982
21958
22259
22932
23315
27100
29696
30910
33691
35505
36640
39259
39733
39849
42165
43243
43740
46058
51609
60066
61749
63609
64243
65423
68464
73063
74809
76343
83535
83841
83971
89497
89754
90254
93515
94159
94224
97046
102038
110599
115017
118158
118861
120037
120633
123625
124477
125081
128930
130648
130951
131483
133184
133772
134852
136817
142939
143965
147016
147157
150232
150709
151261
151685
151839
154171
154630
155412
159680
160369
170974
172879
176990
177415
179316
181531
185359
185750
185932
187534
188959
193653
194088
194217
196559
206226
214374
216808
224016
224242
225034
226363
228162
234706
239732
242234
247339
248929
251271
254076
263423
264694
264710
266517
270483
270983
284063
284259
284441
286675
287675
290494
293734
297479
297933
300389
301224
303808
308010
309763
311388
312727
313297
314359
314565
315922
317400
321409
322726
324206
326154
327272
327449
327687
327770
