6
863
1050
1314
1798
2715
3098
3745
3769
6383
6472
6674
6713
7330
8205
8529
10250
10794
11211
11744
11916
12588
12640
12653
14005
14031
14044
14218
14534
15010
15272
15831
15909
15935
17261
18600
19060
19712
20503
20568
20827
21257
21348
21504
22360
22451
22658
23586
23638
24310
26254
26536
26675
27388
29415
29779
30072
30394
30919
32790
33686
33773
34460
34472
34891
35790
38126
38759
39228
39608
40167
40297
40414
40804
41644
44569
44602
44731
44951
44995
45486
45865
46052
47239
47657
47723
48622
48737
51350
52129
52140
53314
53549
53618
53728
53867
54603
54902
57839
57965
58748
60368
61660
62008
62058
63092
63267
63651
63895
64268
64484
65105
65420
65668
66478
67159
67231
68021
68423
68716
69921
70104
70432
70871
72349
74022
74389
74822
75350
75665
76698
76892
77134
77514
77662
77786
77845
78626
78667
79031
79084
79177
79536
79571
79704
79797
80204
80271
80307
80345
80421
80606
