16.6667
11.4035
9.2035
9.1681
9.0774
8.9947
8.9844
8.9744
8.9264
8.8398
8.6874
8.6679
8.4130
8.4013
8.3955
8.3429
8.2940
8.1982
8.1519
8.0645
8.0627
8.0562
8.0238
8.0054
7.9755
7.8860
7.8477
7.8452
7.7870
7.7862
7.7763
7.7572
7.7499
7.7455
7.7246
7.7183
7.7166
7.6990
7.6808
7.6746
7.6735
7.6667
7.6527
7.6471
7.6468
7.6397
7.6399
7.6406
7.6409
7.6425
7.6429
7.6414
7.6405
7.6406
7.6375
7.6337
7.6330
7.6264
7.6236
7.6190
7.6211
7.6222
7.6234
7.6237
7.6269
7.6284
7.6317
7.6340
7.6343
7.6357
7.6358
7.6382
7.6453
7.6462
7.6470
7.6500
7.6650
7.6671
7.6690
7.6864
7.6899
7.7039
7.7079
7.7163
7.7168
7.7195
7.7391
7.7416
7.7447
7.7501
7.7633
7.7740
7.7745
7.7893
7.7982
7.8015
7.8059
7.8088
7.8118
7.8198
7.8230
7.8279
7.8494
7.8502
7.8514
7.8544
7.8717
7.8798
7.8848
7.8947
7.9218
7.9238
7.9672
7.9761
7.9775
7.9809
7.9955
8.0136
8.0277
8.0363
8.0429
8.0520
8.1100
8.1649
8.1658
8.1849
8.2006
8.2277
8.2584
8.3043
8.3094
8.3411
8.4401
8.4559
8.6032
8.6201
8.6211
8.6615
8.6866
8.6957
8.7061
8.7347
8.7751
8.8118
8.8248
8.8764
8.9377
8.9515
9.0133
9.0205
9.0229
9.0540
9.1006
9.1179
9.1310
9.1688
9.3024
9.3069
9.3525
9.3710
9.4166
9.4369
9.4429
9.4441
9.5025
9.5119
9.6243
9.7494
10.0012
10.0765
10.1756
10.3193
10.5596
