1
13
52
54
61
68
69
70
74
80
92
95
132
134
135
146
158
182
191
215
216
218
229
236
247
285
303
304
348
351
363
377
383
392
405
411
415
441
461
468
472
483
505
521
530
547
550
557
560
566
571
577
579
580
600
611
614
641
649
664
683
694
698
701
727
735
765
775
780
789
790
814
850
854
856
877
949
958
962
994
1001
1022
1029
1040
1041
1047
1082
1087
1092
1103
1127
1149
1150
1168
1184
1187
1195
1201
1207
1222
1229
1239
1257
1258
1260
1267
1293
1306
1314
1329
1349
1351
1389
1399
1401
1404
1424
1437
1449
1454
1463
1474
1519
1567
1568
1581
1591
1610
1634
1670
1676
1700
1766
1776
1873
1884
1885
1905
1916
1922
1927
1944
1965
1983
1990
2020
2052
2061
2091
2096
2099
2119
2142
2149
2156
2172
2223
2225
2243
2251
2271
2279
2283
2285
2311
2315
2359
2408
2502
2529
2562
2611
2689
