0.0000
7.6923
3.8462
5.5556
8.1967
10.2941
11.5942
12.8571
13.5135
13.7500
13.0435
13.6842
10.6061
11.1940
11.8519
11.6438
12.0253
10.9890
10.9948
10.2326
11.1111
11.4679
11.3537
11.4407
11.3360
10.1754
9.9010
10.1974
9.1954
9.4017
9.3664
9.2838
9.3995
9.4388
9.3827
9.4891
9.6386
9.2971
9.1106
9.1880
9.3220
9.3168
9.1089
9.0211
9.0566
8.9580
9.0909
9.1562
9.2857
9.3640
9.6322
9.7054
9.8446
10.0000
9.8333
9.8200
9.9349
9.6724
9.7072
9.7892
9.6633
9.6542
9.7421
9.8431
9.6286
9.6599
9.4118
9.4194
9.4872
9.5057
9.6203
9.4595
9.1765
9.2506
9.3458
9.2360
8.6407
8.6639
8.7318
8.5513
8.5914
8.5127
8.5520
8.5577
8.6455
8.6915
8.5028
8.5557
8.6081
8.6129
8.5182
8.4421
8.5217
8.4760
8.4459
8.5088
8.5356
8.5762
8.6164
8.5925
8.6249
8.6360
8.5919
8.6645
8.7302
8.7609
8.6620
8.6524
8.6758
8.6531
8.5990
8.6603
8.4953
8.5061
8.5653
8.6182
8.5674
8.5595
8.5576
8.5970
8.6124
8.6160
8.4266
8.2323
8.2908
8.2859
8.3595
8.3230
8.2619
8.1437
8.1742
8.1176
7.8709
7.8829
7.5280
7.5372
7.5862
7.6640
7.6722
7.7003
7.7322
7.7160
7.6845
7.6652
7.6884
7.6238
7.5536
7.5691
7.5084
7.5382
7.5750
7.5979
7.5630
7.5849
7.6067
7.5967
7.4674
7.5056
7.4900
7.5078
7.4857
7.5033
7.5339
7.5711
7.5725
7.6026
7.5032
7.3920
7.1942
7.1570
7.1038
7.0471
6.8427
