1
17
58
258
259
376
388
411
423
476
486
499
532
562
608
715
725
764
802
846
847
864
881
957
979
1038
1044
1144
1186
1250
1346
1368
1392
1409
1461
1529
1598
1610
1611
1745
1891
1921
1966
1989
2110
2173
2343
2510
2581
2589
2681
2701
2783
2952
2980
3040
3087
3219
3230
3231
3237
3267
3286
3298
3371
3382
3462
3540
3646
3653
3703
3743
3810
3828
3852
3961
4006
4067
4074
4093
4188
4213
4249
4341
4358
4364
4464
4478
4492
4744
4757
4883
4896
4900
4931
4952
5090
5134
5171
5198
5207
5328
5370
5450
5478
5527
5581
5598
5599
5616
5640
5644
5651
5661
5893
6012
6124
6204
6260
6420
6449
6626
6662
6671
6678
6686
6781
6901
6996
7044
7174
7214
7280
7463
8063
8095
8124
8218
8329
8602
