6
357
890
1657
3218
4470
5060
5237
6352
6647
7736
7866
7917
8227
8523
10077
10324
11185
11309
11713
11964
13135
13544
15384
16199
17716
17771
17987
18151
18624
19826
20650
21157
21416
22008
22805
23515
23583
23649
24664
25185
26117
26535
26741
28796
29344
29398
29882
30441
30706
32778
33190
33998
34189
34520
35132
36479
37231
38879
40488
41733
41785
44822
45119
45700
46343
47501
49546
51270
53287
57015
57473
58872
58898
59907
61125
63400
63424
65666
66129
66870
67362
67426
67552
68776
69774
70958
72438
73078
73278
73493
74330
74830
75187
76558
77995
78247
78295
79618
79912
79963
80579
81872
82757
83128
83968
85532
85945
86551
87890
88485
89067
89438
91428
91702
91750
93085
94700
94756
97006
97230
97525
98087
98395
99065
99443
99700
99903
100315
100929
103200
104027
104079
104964
106868
107708
108169
108539
109585
109948
110517
113668
114150
115440
116213
118749
119556
119812
121027
121655
121885
122915
123135
123791
124165
124295
124923
127668
127767
129702
130525
130687
130770
131031
131196
131533
131757
131911
132668
132973
133399
134755
134928
135244
135714
135771
135964
136402
136513
136575
136592
137395
137408
137460
137558
138135
138354
138877
138914
139071
139209
139610
140081
140108
140318
140402
140493
140517
140561
140657
140870
140892
140951
141075
