1
42
95
165
298
403
451
465
552
575
660
670
674
698
721
841
860
925
934
964
982
1068
1098
1234
1294
1405
1409
1425
1437
1472
1560
1620
1657
1676
1719
1777
1829
1834
1839
1913
1951
2019
2050
2065
2217
2257
2261
2296
2337
2356
2508
2538
2597
2611
2635
2680
2779
2834
2956
3076
3168
3172
3396
3418
3462
3510
3596
3749
3880
4032
4318
4353
4461
4463
4541
4636
4812
4814
4988
5024
5082
5120
5125
5135
5232
5311
5405
5526
5577
5593
5610
5677
5717
5747
5858
5978
5999
6003
6114
6139
6143
6195
6303
6377
6409
6479
6612
6647
6698
6812
6862
6912
6944
7116
7141
7145
7262
7402
7407
7616
7635
7663
7715
7743
7809
7843
7867
7886
7926
7983
8209
8288
8293
8380
8575
8668
8715
8750
8859
8898
8958
9278
9331
9477
9572
9869
9967
9999
10149
10231
10258
10396
10422
10510
10555
10576
10659
11086
11099
11445
11607
11638
11653
11706
11740
11810
11854
11885
12041
12104
12188
12519
12559
12632
12740
12757
12803
12915
12943
12963
12969
13196
13199
13214
13247
13416
13483
13655
13671
13730
13784
13931
14129
14142
14236
14279
14323
14335
14355
14401
14511
14525
14557
14623
