16.6667
11.7647
10.6742
9.9578
9.2604
9.0157
8.9130
8.8791
8.6902
8.6505
8.5315
8.5177
8.5133
8.4843
8.4595
8.3457
8.3301
8.2700
8.2589
8.2302
8.2080
8.1309
8.1069
8.0213
7.9881
7.9307
7.9286
7.9224
7.9169
7.9038
7.8685
7.8450
7.8319
7.8259
7.8108
7.7922
7.7780
7.7768
7.7762
7.7562
7.7467
7.7306
7.7256
7.7222
7.6990
7.6915
7.6910
7.6836
7.6771
7.6728
7.6515
7.6469
7.6387
7.6370
7.6333
7.6284
7.6181
7.6119
7.6031
7.5973
7.5911
7.5912
7.5766
7.5755
7.5755
7.5740
7.5704
7.5667
7.5678
7.5666
7.5734
7.5740
7.5775
7.5775
7.5801
7.5845
7.5899
7.5902
7.5960
7.5973
7.5998
7.6007
7.6009
7.6016
7.6073
7.6117
7.6172
7.6286
7.6316
7.6326
7.6334
7.6376
7.6400
7.6436
7.6517
7.6646
7.6667
7.6672
7.6792
7.6822
7.6823
7.6881
7.6986
7.7057
7.7098
7.7160
7.7304
7.7340
7.7388
7.7506
7.7550
7.7604
7.7640
7.7832
7.7872
7.7875
7.8015
7.8163
7.8169
7.8511
7.8525
7.8575
7.8655
7.8693
7.8827
7.8869
7.8907
7.8937
7.9011
7.9095
7.9545
7.9672
7.9680
7.9837
8.0239
8.0477
8.0568
8.0616
8.0841
8.0929
8.1055
8.1624
8.1743
8.2095
8.2366
8.3108
8.3367
8.3456
8.3857
8.4098
8.4161
8.4579
8.4639
8.4901
8.5008
8.5088
8.5325
8.6835
8.6869
8.8241
8.8925
8.9052
8.9111
8.9338
8.9484
8.9787
8.9969
9.0099
9.0760
9.1026
9.1365
9.2902
9.3079
9.3402
9.3874
9.3960
9.4165
9.4683
9.4811
9.4915
9.4947
9.6044
9.6057
9.6130
9.6301
9.7122
9.7453
9.8324
9.8413
9.8727
9.9017
9.9785
10.0863
10.0936
10.1455
10.1701
10.1948
10.2016
10.2126
10.2384
10.3010
10.3093
10.3277
10.3654
