0.0000
2.3810
2.1053
1.8182
1.3423
1.2407
1.3304
1.5054
1.4493
1.5652
1.5152
1.6418
1.7804
1.8625
1.9417
1.7836
1.8605
1.8378
1.9272
1.9710
2.0367
1.9663
2.0036
1.8639
1.8547
1.7794
1.8453
1.8947
1.9485
1.9701
1.9231
1.9136
1.9312
1.9690
1.9779
1.9696
1.9683
2.0174
2.0663
2.0910
2.1015
2.0802
2.0976
2.1308
2.0298
2.0381
2.0787
2.1341
2.1395
2.1647
2.0734
2.0883
2.0793
2.1065
2.1252
2.1269
2.0871
2.0819
2.0298
1.9831
1.9571
1.9861
1.8846
1.9017
1.9064
1.9088
1.8910
1.8405
1.8041
1.7609
1.6674
1.6770
1.6588
1.6805
1.6736
1.6609
1.6209
1.6410
1.6038
1.6123
1.6135
1.6211
1.6390
1.6553
1.6437
1.6381
1.6281
1.6106
1.6138
1.6270
1.6399
1.6382
1.6442
1.6530
1.6388
1.6226
1.6336
1.6492
1.6356
1.6452
1.6604
1.6626
1.6500
1.6465
1.6539
1.6515
1.6334
1.6398
1.6423
1.6295
1.6322
1.6348
1.6417
1.6161
1.6244
1.6375
1.6249
1.6077
1.6201
1.5888
1.5979
1.6051
1.6073
1.6144
1.6135
1.6193
1.6270
1.6358
1.6402
1.6410
1.6080
1.6047
1.6158
1.6110
1.5860
1.5805
1.5835
1.5886
1.5803
1.5846
1.5852
1.5413
1.5432
1.5300
1.5253
1.4895
1.4849
1.4901
1.4780
1.4759
1.4818
1.4717
1.4776
1.4748
1.4780
1.4845
1.4823
1.4342
1.4416
1.4067
1.3957
1.4006
1.4074
1.4095
1.4140
1.4141
1.4172
1.4220
1.4118
1.4128
1.4112
1.3819
1.3855
1.3854
1.3815
1.3875
1.3903
1.3860
1.3907
1.3963
1.4033
1.3868
1.3940
1.4000
1.4041
1.3939
1.3943
1.3841
1.3898
1.3911
1.3929
1.3854
1.3801
1.3859
1.3838
1.4007
1.4033
1.4091
1.4141
1.4166
1.4127
1.4182
1.4220
1.4156
