1
1281
1720
2044
2290
3555
4086
4890
4950
5075
5761
6651
6721
6905
7425
7784
7844
10732
11214
12479
12955
13653
13842
14812
15469
15818
16248
16493
18207
18226
19729
20357
20969
23244
23375
24214
25109
25835
27197
28915
29075
31364
31578
32500
37191
37446
38699
39243
39584
40302
40539
40849
41284
42608
44691
45504
45754
45863
46763
47256
47428
47569
47914
52068
52168
53194
53328
53503
53630
53843
54906
55198
55390
55631
56448
58551
59101
61415
61675
62273
62787
65261
65339
65805
66423
66813
67476
69702
70302
70483
71628
72222
72525
72923
75204
77878
80671
81882
82710
86206
88512
89947
91496
96702
97449
98320
102312
105142
107877
109423
111462
112428
113016
113478
116555
116894
117272
117951
117973
118226
118488
